8 4 7 
5 0 6 
1 3 2 

8 4 7 
5 6 0 
1 3 2 

8 4 7 
5 6 2 
1 3 0 

8 4 7 
5 6 2 
1 0 3 

8 4 7 
5 0 2 
1 6 3 

8 0 7 
5 4 2 
1 6 3 

8 7 0 
5 4 2 
1 6 3 

8 7 2 
5 4 0 
1 6 3 

8 7 2 
5 4 3 
1 6 0 

8 7 2 
5 4 3 
1 0 6 

8 7 2 
5 0 3 
1 4 6 

8 0 2 
5 7 3 
1 4 6 

0 8 2 
5 7 3 
1 4 6 

5 8 2 
0 7 3 
1 4 6 

5 8 2 
1 7 3 
0 4 6 

5 8 2 
1 7 3 
4 0 6 

5 8 2 
1 0 3 
4 7 6 

5 0 2 
1 8 3 
4 7 6 

0 5 2 
1 8 3 
4 7 6 

1 5 2 
0 8 3 
4 7 6 

1 5 2 
4 8 3 
0 7 6 

1 5 2 
4 8 3 
7 0 6 

1 5 2 
4 0 3 
7 8 6 

1 0 2 
4 5 3 
7 8 6 

1 2 0 
4 5 3 
7 8 6 

1 2 3 
4 5 0 
7 8 6 

1 2 3 
4 5 6 
7 8 0 

m = 3766
l = 27
b = 1.35655
t = 0.453s
